47
0 0 1 10 1 10
1 1 2 10 1 10
2 2 3 10 1 10
3 3 4 10 1 10
4 4 5 10 1 10
5 5 6 10 1 10
6 6 7 10 1 10
7 7 8 10 1 10
8 8 9 10 1 10
9 9 10 10 1 10
10 10 11 10 1 10
11 11 12 10 1 10
12 12 13 10 1 10
13 13 14 10 1 10
14 14 15 10 1 10
15 15 16 10 1 10
16 16 17 10 1 10
17 17 18 10 1 10
18 18 19 10 1 10
19 19 20 10 1 10
20 20 21 10 1 10
21 21 22 10 1 10
22 22 23 10 1 10
23 23 24 10 1 10
24 24 25 10 1 10
25 25 26 10 1 10
26 26 27 10 1 10
27 27 28 10 1 10
28 28 29 10 1 10
29 29 30 10 1 10
30 30 31 10 1 10
31 31 32 10 1 10
32 32 33 10 1 10
33 33 34 10 1 10
34 34 35 10 1 10
35 35 36 10 1 10
36 36 37 10 1 10
37 37 38 10 1 10
38 38 39 10 1 10
39 39 40 10 1 10
40 8 41 10 1 10
41 41 42 10 1 10
42 42 43 10 1 10
43 43 44 10 1 10
44 44 45 10 1 10
45 45 46 10 1 10
46 46 47 10 1 10
47 47 32 10 1 10