47
0 0.0 0.0
1 0.0 0.5
2 0.0 1.0
3 0.0 1.5
4 0.0 2.0
5 0.0 2.5
6 0.0 3.0
7 0.0 3.5
8 0.0 4.0
9 0.0 4.5
10 0.0 5.0
11 0.0 5.5
12 0.0 6.0
13 0.0 6.5
14 0.0 7.0
15 0.0 7.5
16 0.0 8.0
17 1.0 8.0
18 2.0 8.0
19 3.0 8.0
20 4.0 8.0
21 5.0 8.0
22 6.0 8.0
23 7.0 8.0
24 8.0 8.0
25 8.0 7.5
26 8.0 7.0
27 8.0 6.5
28 8.0 6.0
29 8.0 5.5
30 8.0 5.0
31 8.0 4.5
32 8.0 4.0
33 8.0 3.5
34 8.0 3.0
35 8.0 2.5
36 8.0 2.0
37 8.0 1.5
38 8.0 1.0
39 8.0 0.5
40 8.0 0.0
41 1.0 4.0
42 2.0 4.0
43 3.0 4.0
44 4.0 4.0
45 5.0 4.0
46 6.0 4.0
47 7.0 4.0