39
0 0 1 200 40.64 34.68
1 1 2 200 40.64 34.68
2 2 3 200 40.64 34.68
3 3 4 200 40.64 34.68
4 4 5 200 40.64 34.68
5 5 6 200 40.64 34.68
6 6 7 200 40.64 34.68
7 7 8 200 40.64 34.68
8 8 9 200 40.64 34.68
9 9 10 200 40.64 34.68
10 10 11 200 40.64 34.68
11 11 12 200 40.64 34.68
12 12 13 200 40.64 34.68
13 13 14 200 40.64 34.68
14 14 15 200 40.64 34.68
15 15 16 200 40.64 34.68
16 16 17 200 40.64 34.68
17 17 18 200 40.64 34.68
18 18 19 200 40.64 34.68
19 19 20 200 40.64 34.68
20 20 21 200 40.64 34.68
21 21 22 200 40.64 34.68
22 22 23 200 40.64 34.68
23 23 24 200 40.64 34.68
24 24 25 200 40.64 34.68
25 25 26 200 40.64 34.68
26 26 27 200 40.64 34.68
27 27 28 200 40.64 34.68
28 28 29 200 40.64 34.68
29 29 30 200 40.64 34.68
30 30 31 200 40.64 34.68
31 31 32 200 40.64 34.68
32 32 33 200 40.64 34.68
33 33 34 200 40.64 34.68
34 34 35 200 40.64 34.68
35 35 36 200 40.64 34.68
36 36 37 200 40.64 34.68
37 37 38 200 40.64 34.68
38 38 39 200 40.64 34.68
39 39 40 200 40.64 34.68