40
0 000.0 000.0
1 000.0 020.0
2 000.0 040.0
3 000.0 060.0
4 000.0 080.0
5 000.0 100.0
6 000.0 120.0
7 000.0 140.0
8 000.0 160.0
9 000.0 180.0
10 000.0 200.0
11 015.0 200.0
12 030.0 200.0
13 045.0 200.0
14 060.0 200.0
15 075.0 200.0
16 090.0 200.0
17 105.0 200.0
18 120.0 200.0
19 135.0 200.0
20 150.0 200.0
21 165.0 200.0
22 180.0 200.0
23 195.0 200.0
24 210.0 200.0
25 225.0 200.0
26 240.0 200.0
27 255.0 200.0
28 270.0 200.0
29 285.0 200.0
30 300.0 200.0
31 300.0 180.0
32 300.0 160.0
33 300.0 140.0
34 300.0 120.0
35 300.0 100.0
36 300.0 080.0
37 300.0 060.0
38 300.0 040.0
39 300.0 020.0
40 300.0 000.0